9.999671645690266786e-01 -8.103302115200244904e-03 -7.923768603287617812e-05 -8.943836534811422379e-02 8.103299715768574191e-03 9.999671672610368489e-01 -3.055575165723473997e-05 -1.570266563531808740e-03 7.948268692965021552e-05 2.991266162725199289e-05 9.999999963938674963e-01 -9.625252688475555152e-03
9.999671374038628935e-01 -8.106617127671156622e-03 -8.289191334477633206e-05 -8.943842477720678752e-02 8.106614609935529001e-03 9.999671403897431032e-01 -3.066473161494121983e-05 -1.569881427186603550e-03 8.313777678733549133e-05 2.999175109648423115e-05 9.999999960943024568e-01 -9.624908401698634153e-03
9.999671052198652044e-01 -8.110544913460273481e-03 -8.682977386925500517e-05 -8.943791992434403648e-02 8.110542281820187077e-03 9.999671085423113004e-01 -3.061738214434889515e-05 -1.569562110690079755e-03 8.707524156443599138e-05 2.991213844000747504e-05 9.999999957615830493e-01 -9.624549639253188182e-03
9.999670745235247349e-01 -8.114284496554867790e-03 -9.086238222675136042e-05 -8.943768446671283845e-02 8.114281740955837582e-03 9.999670782041316652e-01 -3.065486203163755429e-05 -1.569194987624145544e-03 9.110813314567891262e-05 2.991656973665660164e-05 9.999999954021534521e-01 -9.624175967366518925e-03
9.999670515186529496e-01 -8.117212458484766163e-03 -8.209138578829101288e-05 -8.943836931952965641e-02 8.117210034978110389e-03 9.999670544635339553e-01 -2.981227575921530968e-05 -1.568853202325774885e-03 8.233067381975546462e-05 2.914494046949756790e-05 9.999999961861163467e-01 -9.624941980652113038e-03
9.999670225768075849e-01 -8.120782449702157457e-03 -8.155537448628968965e-05 -8.943808889796774075e-02 8.120780062202206245e-03 9.999670254849400974e-01 -2.956319610916391304e-05 -1.568582231333392118e-03 8.179276152148586346e-05 2.889992793204120239e-05 9.999999962373692375e-01 -9.624930789751684479e-03
9.999669928984687983e-01 -8.124415715459468862e-03 -8.356360479103777932e-05 -8.943796011261381795e-02 8.124413278381318465e-03 9.999669959757865323e-01 -2.946257672790603615e-05 -1.568226961820074362e-03 8.380021307718801859e-05 2.878269899329089122e-05 9.999999960745402650e-01 -9.624722505064714495e-03
9.999669663952417409e-01 -8.127648181782165179e-03 -8.633267435926263102e-05 -8.943806141979593338e-02 8.127645661818191578e-03 9.999669697073774177e-01 -2.949984604453579045e-05 -1.567834144123514059e-03 8.656958713583237501e-05 2.879719017205190247e-05 9.999999958382141951e-01 -9.624446320420920742e-03
9.999669390430968585e-01 -8.131054858997193227e-03 -8.226578476099864247e-05 -8.943793156357682239e-02 8.131052367097242953e-03 9.999669419797142522e-01 -3.058009317785212764e-05 -1.567527975666998781e-03 8.251171363223956136e-05 2.991017476679744901e-05 9.999999961485992461e-01 -9.625035031250978035e-03
9.999669127340203856e-01 -8.134320843659526359e-03 -7.913030043443364779e-05 -8.943808076693743336e-02 8.134318465174433452e-03 9.999669154242021296e-01 -3.033337650433090896e-05 -1.567214881294679745e-03 7.937442385876876470e-05 2.968870179185583390e-05 9.999999964091409455e-01 -9.625245386333192155e-03
9.999668871943331316e-01 -8.137445017842914741e-03 -8.064401593883557416e-05 -8.943825776854152920e-02 8.137442593884689629e-03 9.999668900056162268e-01 -3.034018821922185253e-05 -1.566850099384415685e-03 8.088823742938567034e-05 2.968294752022286075e-05 9.999999962880078419e-01 -9.625072914455287676e-03
9.999668552686271639e-01 -8.141337003951629181e-03 -8.364185935689682149e-05 -8.943780108043609955e-02 8.141334500621395104e-03 9.999668583302786518e-01 -3.022617165261861066e-05 -1.566538775579152899e-03 8.388516877578238589e-05 2.954421345900032673e-05 9.999999960452089498e-01 -9.624791148520786543e-03
9.999668249959337007e-01 -8.145023665994373732e-03 -8.658540451383492972e-05 -8.943762023458584620e-02 8.145021080433521507e-03 9.999668283104384825e-01 -3.017219600559908899e-05 -1.566176412707632895e-03 8.682828558019647003e-05 2.946595509785086120e-05 9.999999957963031649e-01 -9.624510400794372700e-03
9.999667982422139056e-01 -8.148279376638385002e-03 -8.919874350290192739e-05 -8.943773100421023581e-02 8.148276712310484338e-03 9.999668017864604685e-01 -3.019234179269647596e-05 -1.565786930318886164e-03 8.944179789992950415e-05 2.946452330942522354e-05 9.999999955660033857e-01 -9.624252996922669223e-03
9.999667662780106214e-01 -8.152170172692105657e-03 -9.198355256460159497e-05 -8.943728605161056777e-02 8.152167439962531778e-03 9.999667700795559222e-01 -3.004482348853900218e-05 -1.565474944069615961e-03 9.222542647235477801e-05 2.929395966499873870e-05 9.999999953181673007e-01 -9.623990629738732316e-03
9.999667360397792581e-01 -8.155846526896376805e-03 -9.477014367268357512e-05 -8.943711377681061447e-02 8.155843718846299620e-03 9.999667401041392178e-01 -2.997890321656060202e-05 -1.565112875229690819e-03 9.501149496125326009e-05 2.920497551850952529e-05 9.999999950599425258e-01 -9.623721518076042147e-03
9.999667191680926548e-01 -8.158069165509203996e-03 -8.039708710945640368e-05 -8.943808349346460407e-02 8.158066665150801033e-03 9.999667219281032082e-01 -3.137914114906271268e-05 -1.564769586272200634e-03 8.065040485325962244e-05 3.072221202881785814e-05 9.999999962758289174e-01 -9.625231400947689697e-03
9.999666886004398014e-01 -8.161801711133899809e-03 -8.174533198135600423e-05 -8.943770408106831160e-02 8.161799181465955941e-03 9.999666914746235813e-01 -3.123165733423186589e-05 -1.564493320422789130e-03 8.199751575916338568e-05 3.056342798036138804e-05 9.999999961711421026e-01 -9.625079156700813710e-03
9.999666584557634907e-01 -8.165465540885182352e-03 -8.455362283758283430e-05 -8.943753250073673000e-02 8.165462927458099970e-03 9.999666615649029922e-01 -3.120774048048365973e-05 -1.564139610583289205e-03 8.480562968161792193e-05 3.051628049356134803e-05 9.999999959383808479e-01 -9.624809440459319854e-03
9.999666314839766867e-01 -8.168737137298437076e-03 -8.747668516003187392e-05 -8.943763192348432034e-02 8.168734428782782261e-03 9.999666348432246776e-01 -3.127537450297502604e-05 -1.563754511355594035e-03 8.772924679990269853e-05 3.055975708035725075e-05 9.999999956848402149e-01 -9.624525962629831843e-03
9.999665993194192248e-01 -8.172636369626973610e-03 -9.088633602001686173e-05 -8.943715204773010352e-02 8.172633563789137232e-03 9.999666029858967908e-01 -3.120060760070481564e-05 -1.563438798590343053e-03 9.113829190820297980e-05 3.045678475892941062e-05 9.999999953830980282e-01 -9.624212786118968577e-03
9.999665734238087911e-01 -8.175874851263378873e-03 -8.429390797668099796e-05 -8.943744029266673112e-02 8.175872309195496290e-03 9.999665765335885581e-01 -3.045781292443735687e-05 -1.563131277419825549e-03 8.454010984879244323e-05 2.976761859597260392e-05 9.999999959834293684e-01 -9.624773656943058642e-03
9.999665481765679376e-01 -8.178961277609881481e-03 -8.438162703223352624e-05 -8.943769387008677907e-02 8.178958738880377083e-03 9.999665512958620939e-01 -3.038762411913765996e-05 -1.562769675297037350e-03 8.462734377714524773e-05 2.969645375188487312e-05 9.999999959781666892e-01 -9.624717811466329542e-03
9.999665164610663792e-01 -8.182815912921416815e-03 -8.648962435825970530e-05 -8.943728218916442707e-02 8.182813326887179370e-03 9.999665197661942173e-01 -3.021163427799920524e-05 -1.562463814977572019e-03 8.673394490713978093e-05 2.950289423473037882e-05 9.999999958034010428e-01 -9.624509995769067738e-03
9.999664861875456889e-01 -8.186486419214600296e-03 -8.911700720007711702e-05 -8.943711862974618176e-02 8.186483762142635068e-03 9.999664897261388852e-01 -3.013960686747860649e-05 -1.562102763479426056e-03 8.936075834706125212e-05 2.940904184197242477e-05 9.999999955748815061e-01 -9.624253520732969913e-03
9.999664594200415868e-01 -8.189726576124949434e-03 -9.172542981115714496e-05 -8.943722819729410523e-02 8.189723840666377971e-03 9.999664631945878179e-01 -3.015825957645176550e-05 -1.561711147934667686e-03 9.196934153320917085e-05 2.940604211161523322e-05 9.999999953384623996e-01 -9.623995077412600407e-03
9.999664331806511486e-01 -8.193002086522193500e-03 -8.502221168552071570e-05 -8.943723536736949975e-02 8.192999465781284490e-03 9.999664363321766336e-01 -3.112684721354259991e-05 -1.561414607707992553e-03 8.527438035241750034e-05 3.042921544936627018e-05 9.999999959011713901e-01 -9.624803607234722058e-03
9.999664058032715630e-01 -8.196361267510414092e-03 -8.322775620110848063e-05 -8.943731517221811811e-02 8.196358718037184340e-03 9.999664088094432080e-01 -3.092750985729684143e-05 -1.561102041441605331e-03 8.347845352558521282e-05 3.024430632732474315e-05 9.999999960583149106e-01 -9.624898260004552397e-03
9.999663787829456973e-01 -8.199629199854605033e-03 -8.593431942072611010e-05 -8.943742854476276205e-02 8.199626561529230889e-03 9.999663820162582040e-01 -3.100913174816461799e-05 -1.560719124213952183e-03 8.618569386431733695e-05 3.030345985534632489e-05 9.999999958268632749e-01 -9.624623302758025800e-03
9.999663458357546109e-01 -8.203600625703497823e-03 -9.018127257933350373e-05 -8.943691043075287228e-02 8.203597861334777780e-03 9.999663494449810841e-01 -3.098075976894956848e-05 -1.560395811911068987e-03 9.043239170968421069e-05 3.023990624250758738e-05 9.999999954537652780e-01 -9.624234631034803145e-03
9.999663142985975028e-01 -8.207392299786536727e-03 -9.476136296805285394e-05 -8.943664714920208925e-02 8.207389390731980455e-03 9.999663183305115277e-01 -3.104691584754907174e-05 -1.560021046997933300e-03 9.501298546520438478e-05 3.026812660533706638e-05 9.999999950281864836e-01 -9.623813007954784560e-03
9.999662893401594088e-01 -8.210465225147850141e-03 -9.189156292358230534e-05 -8.943703187962116774e-02 8.210462444946204849e-03 9.999662931172169644e-01 -3.059170214410551135e-05 -1.559649433733400516e-03 9.213963765207433749e-05 2.983619865124909987e-05 9.999999953100442429e-01 -9.624055139114809365e-03
9.999662587902043986e-01 -8.214185811027193904e-03 -9.182910185450054638e-05 -8.943672782042066949e-02 8.214183055481457871e-03 9.999662625688695572e-01 -3.034431746019222435e-05 -1.559367178599736217e-03 9.207525763842777861e-05 2.958899255375737656e-05 9.999999953233191796e-01 -9.624020692767520924e-03
9.999662286232928743e-01 -8.217833032745400917e-03 -9.398486215066613936e-05 -8.943659040778351166e-02 8.217830222294737058e-03 9.999662326055563932e-01 -3.025041761065357085e-05 -1.559009035793676489e-03 9.423028140784934505e-05 2.947704437178494556e-05 9.999999951258790043e-01 -9.623800825479297827e-03
9.999662094704964144e-01 -8.220270510465765151e-03 -8.408294719680018672e-05 -8.943733391799070509e-02 8.220267904722012436e-03 9.999662125374917387e-01 -3.128895123807955939e-05 -1.558657822959112066e-03 8.433730989053998925e-05 3.059670961567332714e-05 9.999999959755296874e-01 -9.624854355279682805e-03
9.999661785600587605e-01 -8.224022625376522372e-03 -8.478118907959097375e-05 -8.943699017478368152e-02 8.224020013479646507e-03 9.999661816916465273e-01 -3.111023585305819225e-05 -1.558377237447946401e-03 8.503417320673247110e-05 3.041194146432756946e-05 9.999999959221516077e-01 -9.624754872820204255e-03
9.999661474878459577e-01 -8.227761216463826133e-03 -8.845157076503252439e-05 -8.943677675410699468e-02 8.227758490335849995e-03 9.999661509373704016e-01 -3.114040292821971661e-05 -1.558011549942554591e-03 8.870479256175188771e-05 3.041159058500556624e-05 9.999999956032974424e-01 -9.624405871366745191e-03
9.999661194450737423e-01 -8.231123050489624546e-03 -9.260285233745989405e-05 -8.943680846121881967e-02 8.231120185477129939e-03 9.999661232672917288e-01 -3.127740127852534036e-05 -1.557612133446040128e-03 9.285716339400631471e-05 3.051411637570574997e-05 9.999999952232180300e-01 -9.624015719725320661e-03
9.999660911943663022e-01 -8.234616741824012098e-03 -8.688253889835706315e-05 -8.943678568638209481e-02 8.234614187422977655e-03 9.999660945482372609e-01 -2.971750471612481732e-05 -1.557358296732405580e-03 8.712430536848604645e-05 2.900105284358173987e-05 9.999999957841472220e-01 -9.624551548528120781e-03
9.999660611188322390e-01 -8.238273429579235849e-03 -8.637932283452427133e-05 -8.943678499336513155e-02 8.238270839279334193e-03 9.999660644119154895e-01 -3.030055368243240985e-05 -1.556995810117388791e-03 8.662601574770905212e-05 2.958790905911730561e-05 9.999999958102444575e-01 -9.624506947204569673e-03
9.999660339554705679e-01 -8.241536619358068999e-03 -8.949591343223971393e-05 -8.943686904328226883e-02 8.241533931664161289e-03 9.999660375216715691e-01 -3.035885652045641758e-05 -1.556601077872631425e-03 8.974307755695446810e-05 2.962024174288689578e-05 9.999999955344106572e-01 -9.624200019123327343e-03
9.999660066606130826e-01 -8.244903301036507828e-03 -8.421866440281827021e-05 -8.943680372595716466e-02 8.244900680049153593e-03 9.999660097350748789e-01 -3.142114540147854609e-05 -1.556298004939547699e-03 8.447486609354656287e-05 3.072570276841136440e-05 9.999999959599641386e-01 -9.624893229130807026e-03
9.999659793576439748e-01 -8.248236324428261101e-03 -8.200514817517945431e-05 -8.943690361124437271e-02 8.248233790734901816e-03 9.999659822547454224e-01 -3.118710466560036280e-05 -1.555984969480068546e-03 8.225959715449581388e-05 3.050964602607367574e-05 9.999999961512600066e-01 -9.625025306032680694e-03
9.999659529323945417e-01 -8.251425257599408550e-03 -8.340998938109158085e-05 -8.943708416157297725e-02 8.251422682350613089e-03 9.999659559465220449e-01 -3.117170955504358333e-05 -1.555610453607245971e-03 8.366436079849754132e-05 3.048239717142722029e-05 9.999999960355491213e-01 -9.624864719120787560e-03
9.999659207451148113e-01 -8.255299782977339879e-03 -8.587122898358765725e-05 -8.943665344750194313e-02 8.255297145793011326e-03 9.999659239728040383e-01 -3.102016857788569804e-05 -1.555300412799417824e-03 8.612438362418241939e-05 3.031021892212020134e-05 9.999999958319405469e-01 -9.624629744484913818e-03
9.999658900722980803e-01 -8.258986267629416303e-03 -8.853105475222777256e-05 -8.943648758568745194e-02 8.258983555892470199e-03 9.999658935346636968e-01 -3.095230352444468442e-05 -1.554939080323994825e-03 8.878366992063756614e-05 3.022007121822479421e-05 9.999999956021036196e-01 -9.624372489746138570e-03
9.999658628583664166e-01 -8.262252960924159131e-03 -9.107102849050507638e-05 -8.943660195455513384e-02 8.262250170748731623e-03 9.999658665489062903e-01 -3.097112661714356035e-05 -1.554548496160241579e-03 9.132381120460369994e-05 3.021761773071174559e-05 9.999999953734284297e-01 -9.624121184907713511e-03
9.999658303432933382e-01 -8.266156218640890313e-03 -9.384677374614083041e-05 -8.943615751405142866e-02 8.266153358460939793e-03 9.999658342956134760e-01 -3.082421055810327616e-05 -1.554234855548723921e-03 9.409836514480095769e-05 3.004740548142786213e-05 9.999999951213255356e-01 -9.623859604543871793e-03
9.999657995967042856e-01 -8.269842577295511213e-03 -9.664714424891344415e-05 -8.943598441107659947e-02 8.269839639361195247e-03 9.999658038184293662e-01 -3.075876541972809362e-05 -1.553871179620309800e-03 9.689820943351353389e-05 2.995845707300513980e-05 9.999999948566139496e-01 -9.623589495147966133e-03
9.999657798122476571e-01 -8.272335473489864088e-03 -8.758023475717333453e-05 -8.943668547953978476e-02 8.272332714539292614e-03 9.999657831641572958e-01 -3.181750184660523724e-05 -1.553511045363507696e-03 8.784044308786107869e-05 3.109192020458944559e-05 9.999999956586744787e-01 -9.624574396117052677e-03
9.999657487665636335e-01 -8.276081917826780959e-03 -8.810116348907935961e-05 -8.943634979861753154e-02 8.276079158218048459e-03 9.999657521698245288e-01 -3.164180548723091485e-05 -1.553232868150448325e-03 8.836001638963419838e-05 3.091158951339810143e-05 9.999999956184905114e-01 -9.624487251817193112e-03
9.999657174487731615e-01 -8.279825298390743743e-03 -9.176158447233072693e-05 -8.943613690574021835e-02 8.279822422552634426e-03 9.999657211811213697e-01 -3.167603006683067764e-05 -1.552867158027800574e-03 9.202071098869650946e-05 3.091517450706429405e-05 9.999999952882203669e-01 -9.624139597268197011e-03
9.999656917226396047e-01 -8.282955444240791554e-03 -8.959225268387570058e-05 -8.943648788807358196e-02 8.282952674798338411e-03 9.999656952711601932e-01 -3.123863496578591857e-05 -1.552490892493004100e-03 8.984792746750173379e-05 3.049547483302403388e-05 9.999999954986880102e-01 -9.624327907093985224e-03
9.999656615551711925e-01 -8.286609210351486565e-03 -8.842128564812753305e-05 -8.943623778907638933e-02 8.286606501768104677e-03 9.999656650077836106e-01 -3.095522534570347995e-05 -1.552215270212432743e-03 8.867476355943124371e-05 3.022144999085931355e-05 9.999999956117251454e-01 -9.624383923433260657e-03
9.999656311730181768e-01 -8.290254501125585845e-03 -9.029426314118821459e-05 -8.943611559294697977e-02 8.290251745152795587e-03 9.999656347965399927e-01 -3.085376516097924541e-05 -1.551859719905529554e-03 9.054694572596658415e-05 3.010414258067916816e-05 9.999999954474955155e-01 -9.624187559587701890e-03
9.999656040456121886e-01 -8.293498932783832656e-03 -9.274236283843094583e-05 -8.943623381907256364e-02 8.293496101924632824e-03 9.999656078934110459e-01 -3.086694640851828488e-05 -1.551467345110185605e-03 9.299516822030022469e-05 3.009672628575372097e-05 9.999999952230428368e-01 -9.623941846339384432e-03
9.999655766042452321e-01 -8.296865268918344680e-03 -8.736846495199303861e-05 -8.943616966405008861e-02 8.296862509875742656e-03 9.999655799352420438e-01 -3.189462536604763910e-05 -1.551163751923225441e-03 8.763008313323631066e-05 3.116864330333062586e-05 9.999999956747420704e-01 -9.624641632925687307e-03
9.999655492906333043e-01 -8.300186103344330685e-03 -8.451350086812522283e-05 -8.943630423100337734e-02 8.300183454241622655e-03 9.999655523831969539e-01 -3.164796478165913488e-05 -1.550852543020891840e-03 8.477327357691249012e-05 3.094539692525675090e-05 9.999999959279372019e-01 -9.624827455838896872e-03
9.999655224923343910e-01 -8.303397357680332089e-03 -8.613334470902108970e-05 -8.943647494241682705e-02 8.303394656981521668e-03 9.999655257230042338e-01 -3.166521910601641395e-05 -1.550475773346812313e-03 8.639330422089229044e-05 3.094892821393712508e-05 9.999999957891804181e-01 -9.624645409987739320e-03
9.999654893154376056e-01 -8.307352706463861855e-03 -8.982843526882462639e-05 -8.943598426934153134e-02 8.307349896478107357e-03 9.999654928738911375e-01 -3.160970243654075249e-05 -1.550156239100978182e-03 9.008792849476736570e-05 3.086237532163958871e-05 9.999999954658393975e-01 -9.624301998881146236e-03
9.999654573811668223e-01 -8.311146826109941030e-03 -9.424918361072216516e-05 -8.943572939176816505e-02 8.311143874388202471e-03 9.999654613458968111e-01 -3.166681254628866732e-05 -1.549781334109953538e-03 9.450911589935703252e-05 3.088240016662087526e-05 9.999999950571522023e-01 -9.623893295022459271e-03
9.999654301075414642e-01 -8.314416324596932487e-03 -9.524190733743040046e-05 -8.943591794795027750e-02 8.314413386362838956e-03 9.999654341807545643e-01 -3.120473949948472035e-05 -1.549402532999982762e-03 9.549806441837608260e-05 3.041178016568696392e-05 9.999999949776217090e-01 -9.623801201117304638e-03
9.999653997984465637e-01 -8.318082923844083779e-03 -9.328668173293243608e-05 -8.943570886434940026e-02 8.318080055927516356e-03 9.999654036903758980e-01 -3.108901158929569877e-05 -1.549109024265373034e-03 9.354205533442750352e-05 3.031196981642224957e-05 9.999999951655341723e-01 -9.623933703483023017e-03
9.999653691484199358e-01 -8.321742994742968580e-03 -9.538025803294310082e-05 -8.943557551759170887e-02 8.321740072100333729e-03 9.999653732411410978e-01 -3.099802890962246850e-05 -1.548750372312013898e-03 9.563491295367778440e-05 3.020322570612401304e-05 9.999999949708643365e-01 -9.623717790234978531e-03
9.999653491731491650e-01 -8.324242624750295694e-03 -8.624236879961461846e-05 -8.943627987226096532e-02 8.324239885078507650e-03 9.999653524004559202e-01 -3.207752500071109515e-05 -1.548391081913674285e-03 8.650640180946412064e-05 3.135851132180108946e-05 9.999999957666431127e-01 -9.624711418250872508e-03
9.999653183369943132e-01 -8.327948623991986501e-03 -8.599366125838931450e-05 -8.943598169856295521e-02 8.327945912858550695e-03 9.999653215503342407e-01 -3.183722959538454764e-05 -1.548116622980068562e-03 8.625581794393639794e-05 3.111997486750814161e-05 9.999999957957405039e-01 -9.624692919128888247e-03
9.999652870625542755e-01 -8.331670171412551909e-03 -8.911822577034104434e-05 -8.943579732463130538e-02 8.331667362470826857e-03 9.999652905500800992e-01 -3.184422836971598241e-05 -1.547754030972979967e-03 8.938044813338634422e-05 3.110061954995652094e-05 9.999999955219434078e-01 -9.624388720411103382e-03
9.999652586568003043e-01 -8.335034942618668730e-03 -9.312327249680247578e-05 -8.943583673608274109e-02 8.335031996947801780e-03 9.999652625062451783e-01 -3.197539892146714660e-05 -1.547354344653017414e-03 9.338655369502028381e-05 3.119810259723793106e-05 9.999999951528150133e-01 -9.624010596599480438e-03
9.999652288828874136e-01 -8.338682177580578753e-03 -8.605077490391596835e-05 -8.943585892123098735e-02 8.338679539493847048e-03 9.999652321277741063e-01 -3.097070402465847323e-05 -1.547087919717730518e-03 8.630603795924671803e-05 3.025207730263290010e-05 9.999999958180397774e-01 -9.624627209770530989e-03
9.999651993876151890e-01 -8.342208184383522601e-03 -8.704191827063292213e-05 -8.943580820258817399e-02 8.342205512310893467e-03 9.999652027171511692e-01 -3.101672589805604943e-05 -1.546734739304631966e-03 8.729763743302269429e-05 3.028952492660123442e-05 9.999999957308336462e-01 -9.624485857801790001e-03
9.999651713950838960e-01 -8.345522610720362486e-03 -9.082485560924168338e-05 -8.943585593147362900e-02 8.345519815280618217e-03 9.999651750590791144e-01 -3.111395354578591540e-05 -1.546334598785630357e-03 9.108135484183620286e-05 3.035488925798356533e-05 9.999999953913837336e-01 -9.624123795874670040e-03
9.999651464404610834e-01 -8.348621700740752397e-03 -8.012493508173255193e-05 -8.943606010747655322e-02 8.348619117289563310e-03 9.999651491432443029e-01 -3.252327951864725556e-05 -1.546040194916292135e-03 8.039366721626609751e-05 3.185321340179320657e-05 9.999999962611155757e-01 -9.625363163319203275e-03
9.999651178150781305e-01 -8.352054472897307499e-03 -7.961883356754625518e-05 -8.943607936101544142e-02 8.352051914570527910e-03 9.999651204808908123e-01 -3.241070531108810145e-05 -1.545723168308464537e-03 7.988675247718262881e-05 3.174459412353829629e-05 9.999999963051937613e-01 -9.625343667142766124e-03
9.999650901401131442e-01 -8.355337821642693993e-03 -8.264963155630859390e-05 -8.943617628746929060e-02 8.355335158782837765e-03 9.999650930494411449e-01 -3.251164300630685809e-05 -1.545346589775043649e-03 8.291839227016049472e-05 3.181994265700194405e-05 9.999999960560156387e-01 -9.625046015080490625e-03
9.999650567468806317e-01 -8.359294183365555131e-03 -8.652146351722505711e-05 -8.943567394614192201e-02 8.359291401381932496e-03 9.999650599862257572e-01 -3.246552861404128788e-05 -1.545023965931497083e-03 8.678982936060125803e-05 3.174113603684275366e-05 9.999999957300128584e-01 -9.624693301877276785e-03
9.999650293200906814e-01 -8.362649786835938195e-03 -7.890128657836025395e-05 -8.943598717395535858e-02 8.362647336451973015e-03 9.999650319624308059e-01 -3.133529686179866992e-05 -1.544720069297678133e-03 7.916057366882868918e-05 3.067437741111508730e-05 9.999999963963430716e-01 -9.625336534387018972e-03
9.999650045618980743e-01 -8.365621543993929932e-03 -7.763830126509847079e-05 -8.943633310211962506e-02 8.365619120757859795e-03 9.999650071004808627e-01 -3.148430672298660097e-05 -1.544344666182706884e-03 7.789897027044300230e-05 3.083371245831302289e-05 9.999999964905162964e-01 -9.625407649036188396e-03
9.999649725542572032e-01 -8.369429724396542161e-03 -7.943961235140385984e-05 -8.943593747534171745e-02 8.369427260176804176e-03 9.999649752403954039e-01 -3.130195119188287851e-05 -1.544055708657188176e-03 7.969880947881510900e-05 3.063599070733414995e-05 9.999999963547678838e-01 -9.625225211126811620e-03
9.999649413848151758e-01 -8.373126501054926549e-03 -8.218187489785126038e-05 -8.943576934174987669e-02 8.373123957830319944e-03 9.999649442951193956e-01 -3.124172809445159972e-05 -1.543690002189587610e-03 8.244058489574471529e-05 3.055251377712201724e-05 9.999999961350469757e-01 -9.624956662198994040e-03
9.999649134441419562e-01 -8.376428098864100932e-03 -8.563266997617112225e-05 -8.943583412810907074e-02 8.376425443134575752e-03 9.999649166423553170e-01 -3.132479638347702739e-05 -1.543290587936965936e-03 8.589205559920203774e-05 3.060640162870702870e-05 9.999999958429014457e-01 -9.624623800435869181e-03
9.999648796355111724e-01 -8.380418222387830962e-03 -8.992194144468834260e-05 -8.943531858355195652e-02 8.380415440714338721e-03 9.999648832131244891e-01 -3.126664805870056342e-05 -1.542967676228937770e-03 9.018081126217932213e-05 3.051196673608232301e-05 9.999999954682206038e-01 -9.624229783903315294e-03
9.999648508627482224e-01 -8.383836366222309835e-03 -9.125144558543519179e-05 -8.943517544213330783e-02 8.383833425384618412e-03 9.999648545207774353e-01 -3.256280076092878811e-05 -1.542580678689844552e-03 9.152123970285586487e-05 3.179661928696169630e-05 9.999999953064189206e-01 -9.624300259217316578e-03
9.999648273728644066e-01 -8.386702641724069068e-03 -8.506442667307227777e-05 -8.943576933486142855e-02 8.386699911210705044e-03 9.999648304887962524e-01 -3.240543461731223784e-05 -1.542239187769185553e-03 8.533320974287658147e-05 3.169088501341703990e-05 9.999999958569655290e-01 -9.624829462472686559e-03
9.999647957814543631e-01 -8.390463645016096872e-03 -8.554283207994676206e-05 -8.943543504414862289e-02 8.390460918897505588e-03 9.999647989455253683e-01 -3.217768895387045541e-05 -1.541954664556379872e-03 8.580980661140287849e-05 3.145881237401762721e-05 9.999999958235101793e-01 -9.624755027806325414e-03
9.999647648012073287e-01 -8.394132703436718926e-03 -8.770531960533472561e-05 -8.943529620276280401e-02 8.394129916432282665e-03 9.999647681557276568e-01 -3.209685042647558408e-05 -1.541597106393898051e-03 8.797165480701473763e-05 3.135950964044079977e-05 9.999999956387845002e-01 -9.624538304101717956e-03
9.999647371032778231e-01 -8.397406225479587746e-03 -9.010358905085086301e-05 -8.943541910425048536e-02 8.397403361808665825e-03 9.999647406711448250e-01 -3.211337971597004763e-05 -1.541206871849052631e-03 9.037008115352155582e-05 3.135561112357108731e-05 9.999999954250370360e-01 -9.624299270877031964e-03
9.999647039359501610e-01 -8.401325538708034196e-03 -9.279806055737817826e-05 -8.943497740834854826e-02 8.401322604397964966e-03 9.999647077555942065e-01 -3.196507077354275724e-05 -1.540892544867221957e-03 9.306333447098099503e-05 3.118431608855239134e-05 9.999999951833770107e-01 -9.624045787926527318e-03
9.999646724772183193e-01 -8.405038474295136244e-03 -9.552892239090066324e-05 -8.943480741999235151e-02 8.405035460949833795e-03 9.999646765567206108e-01 -3.190161833325069545e-05 -1.540527542320465314e-03 9.579368230991228746e-05 3.109756734786041398e-05 9.999999949282558642e-01 -9.623782733105587517e-03
9.999646446858877491e-01 -8.408314347306438882e-03 -9.812269425313235242e-05 -8.943491789713163553e-02 8.408311251022237628e-03 9.999646490164972867e-01 -3.192521244137282605e-05 -1.540133128972966808e-03 9.838766274119817540e-05 3.109903756138962847e-05 9.999999946763588055e-01 -9.623526847853919319e-03
9.999646165950096810e-01 -8.411709994310352656e-03 -9.323608125664561758e-05 -8.943482626569204674e-02 8.411706956450229478e-03 9.999646204250935977e-01 -3.292684705351188224e-05 -1.539825273928365325e-03 9.350975369216598515e-05 3.214140739624885278e-05 9.999999951114278973e-01 -9.624183838603889152e-03
9.999646543902942497e-01 -8.407661267532211963e-03 -3.467145376880797033e-05 -8.963452385725399763e-02 8.407660750439381603e-03 9.999646548827191284e-01 -1.503296334670113292e-05 -1.542255175108152992e-03 3.479662036587450555e-05 1.474092617643327922e-05 9.999999992859501807e-01 -9.629386644956147712e-03
9.999647075118468509e-01 -8.401388475873872511e-03 -2.006051158667144718e-05 -9.002166067144276584e-02 8.401388468525580397e-03 9.999647077130262574e-01 -4.505477290618622987e-07 -1.546210863572066406e-03 2.006358883183846298e-05 2.819956773944866418e-07 9.999999997986864786e-01 -9.619703214079816656e-03
9.999647536830481576e-01 -8.395857012497457555e-03 -3.125102416251179051e-05 -9.040782585492972145e-02 8.395857205607724916e-03 9.999647541514354865e-01 6.053271928733560124e-06 -1.550033826977462344e-03 3.119910028807526585e-05 -6.315437709590010135e-06 9.999999994933657099e-01 -9.619672705176163241e-03
9.999648044908646671e-01 -8.389698097954536096e-03 -5.239629863789818117e-05 -9.080559268938795392e-02 8.389698689519572636e-03 9.999648057972434501e-01 1.108063176106161377e-05 -1.554046411792163636e-03 5.230149143673030549e-05 -1.151983093060329284e-05 9.999999985659238089e-01 -9.622349770712773642e-03
9.999648562351434178e-01 -8.383648067685123620e-03 -2.719753769250855688e-05 -9.119225568479871757e-02 8.383648503344944339e-03 9.999648564742454893e-01 1.594408901104968229e-05 -1.557954421180202326e-03 2.706291224411371720e-05 -1.617154327190509116e-05 9.999999995030399713e-01 -9.631868558234696343e-03
9.999649031882044126e-01 -8.377996624739572976e-03 -3.955200088668970519e-05 -9.157823305729111130e-02 8.377997360447199740e-03 9.999649037936325646e-01 1.847212569212531276e-05 -1.561753087706001242e-03 3.939585335480394609e-05 -1.880284393843552373e-05 9.999999990472099309e-01 -9.640161707092864685e-03
9.999648948340620347e-01 -8.378847319266264498e-03 -6.338062485105617073e-05 -9.217662194636147555e-02 8.378848792225578046e-03 9.999648965655988375e-01 2.301017584924712218e-05 -1.566735148242310660e-03 6.318560122321909033e-05 -2.354042474518944764e-05 9.999999977267141071e-01 -9.626773820122266900e-03
9.999648965399101641e-01 -8.378027826145481582e-03 1.197400143068844960e-04 -9.295712331451116972e-02 8.378023790729174913e-03 9.999649031592163784e-01 3.416344489888063958e-05 -1.573626525606800549e-03 -1.200220341026667461e-04 -3.315906095519077703e-05 9.999999922475939496e-01 -9.619690414511855581e-03
9.999649096355605060e-01 -8.375863221984199136e-03 1.562460619717022327e-04 -9.373661557413168199e-02 8.375856400732656359e-03 9.999649209200102140e-01 4.426050232069941962e-05 -1.580399859777151727e-03 -1.566113009171707338e-04 -4.295025462528775348e-05 9.999999868140879711e-01 -9.609093818321326474e-03
9.999650646470392701e-01 -8.351569900922910586e-03 3.475134995788648536e-04 -9.474042099608258327e-02 8.351569546972329935e-03 9.999651250318696283e-01 2.469677718606761573e-06 -1.590750023505122695e-03 -3.475220057427418508e-04 4.326917207006653737e-07 9.999999396141322494e-01 -9.594183226926331076e-03
9.999653368300528422e-01 -8.314720006591702281e-03 4.365427482293983029e-04 -9.571252452646694664e-02 8.314743417287549440e-03 9.999654305797364140e-01 -5.184001355870219399e-05 -1.601940117840928903e-03 -4.360966220017932450e-04 5.546795756170714838e-05 9.999999033715163410e-01 -9.574283004037745237e-03
9.999656542514210322e-01 -8.268888217114356287e-03 5.619654618824347419e-04 -9.688300042933575829e-02 8.268951068995555875e-03 9.999658056321228949e-01 -1.096116693671003403e-04 -1.615620976740822891e-03 -5.610398791874091204e-04 1.142547695790342818e-04 9.999998360900373973e-01 -9.557357561455148698e-03
9.999660159705590079e-01 -8.219758081692144988e-03 6.344139391083230195e-04 -9.808878560652888046e-02 8.219861658670850682e-03 9.999662034329661608e-01 -1.608296363268300693e-04 -1.629996108106481108e-03 -6.330705173921297993e-04 1.660389655015369814e-04 9.999997858263680595e-01 -9.558329463383793967e-03
9.999664374018532031e-01 -8.166070516159180601e-03 6.628440018837638680e-04 -9.945712763435904380e-02 8.166206290715965696e-03 9.999666355001661788e-01 -2.023889703502111128e-04 -1.645932611141332326e-03 -6.611691638216004620e-04 2.077950985084764260e-04 9.999997598382380781e-01 -9.565159376104429012e-03
9.999670775878519713e-01 -8.105290143372733194e-03 3.847234105355141218e-04 -1.008236957616116258e-01 8.105379900716006350e-03 9.999671238814875629e-01 -2.323205774558038483e-04 -1.662623024951125593e-03 -3.828277366365196582e-04 2.354312583010918357e-04 9.999998990075182892e-01 -9.572444437783156346e-03
9.999677583553564508e-01 -8.029786390071975283e-03 6.913966549847061125e-05 -1.024348799717156311e-01 8.029800566727664929e-03 9.999677391511436753e-01 -2.072674814419684514e-04 -1.683033669671549779e-03 -6.747312139258478223e-05 2.078159765226885868e-04 9.999999761299486201e-01 -9.600867542541344224e-03
9.999684279704128542e-01 -7.945270607577567187e-03 -1.254486090566993165e-04 -1.040056696897431049e-01 7.945268008842034865e-03 9.999684356352520620e-01 -2.120033634616594947e-05 -1.705102777522881589e-03 1.256130917602878768e-04 2.020294418822764766e-05 9.999999919065960530e-01 -9.627068589752485472e-03
9.999683924818035807e-01 -7.950676682849974752e-03 -2.788623982253698899e-05 -1.056020932181364752e-01 7.950676563011543907e-03 9.999683928618847695e-01 -4.405633317702699651e-06 -1.717339752608796049e-03 2.792038618439565017e-05 4.183779593179879787e-06 9.999999996014740100e-01 -9.625718392650348121e-03
9.999683819997269296e-01 -7.951190981951477069e-03 -1.164595075974360523e-04 -1.074460093068272670e-01 7.951191303455925133e-03 9.999683887761530166e-01 2.297911346385592611e-06 -1.732062997035400780e-03 1.164375550378975838e-04 -3.223830515037507253e-06 9.999999932159513438e-01 -9.627962664960604267e-03
9.999683387151709901e-01 -7.951987896650277235e-03 -2.957291203107773460e-04 -1.094339504656157008e-01 7.951989403191259478e-03 9.999683824247516117e-01 3.918840406489442637e-06 -1.747846373328364915e-03 2.956886075015814348e-04 -6.270351161893506579e-06 9.999999562644641404e-01 -9.648151049715086858e-03
9.999683630392829370e-01 -7.953697038989059401e-03 -1.078144181317811063e-04 -1.114266907616251745e-01 7.953696855277933228e-03 9.999683688506283419e-01 -2.132618234515341192e-06 -1.763395861085892326e-03 1.078279700371539241e-04 1.275027566507664023e-06 9.999999941857515839e-01 -9.628977988413653377e-03
9.999695257453179442e-01 -7.801969395303609903e-03 2.772259704698996213e-04 -1.134515869560154544e-01 7.802057951931442789e-03 9.999695123432124078e-01 -3.198058674068528793e-04 -1.791467735353050950e-03 -2.747224029097125684e-04 3.219590546487872572e-04 9.999999104349802659e-01 -9.595099776382398638e-03
9.999708086568187548e-01 -7.624610551914635936e-03 4.971399800251262218e-04 -1.153980871969679245e-01 7.624892783081727368e-03 9.999707685910381727e-01 -5.683075707225234861e-04 -1.822525212218284148e-03 -4.927923240225948144e-04 5.720816201070689925e-04 9.999997149391320894e-01 -9.551499772912183661e-03
9.999718642666050039e-01 -7.470734411106729096e-03 6.773496357720198242e-04 -1.173523418361961945e-01 7.471231054150679653e-03 9.999718208176283651e-01 -7.336737779943395318e-04 -1.851003433962531211e-03 -6.718494666733150879e-04 7.387137711778206037e-04 9.999995014600049359e-01 -9.528858114577598570e-03
9.999733079826603754e-01 -7.239222014566601415e-03 9.884264460455990421e-04 -1.193519155105549762e-01 7.240107122406861523e-03 9.999733896927532895e-01 -8.948492839104571798e-04 -1.886938931110233083e-03 -9.819221310783752404e-04 9.019817119298446624e-04 9.999991111285648770e-01 -9.520206582970286435e-03
9.999750208578626065e-01 -6.986150604440474234e-03 1.073014468408474507e-03 -1.212841809760953349e-01 6.987297551042455541e-03 9.999750172528125702e-01 -1.068898110351220333e-03 -1.923939375648389943e-03 -1.065520178379566248e-03 1.076368881560735291e-03 9.999988530477323945e-01 -9.496317104790361063e-03
9.999768680370512142e-01 -6.728192712493435805e-03 9.974034456010725386e-04 -1.232191869432540388e-01 6.729339138963505614e-03 9.999766958478683021e-01 -1.150545928071390785e-03 -1.962321157623275487e-03 -9.896391072308006846e-04 1.157231179729432177e-03 9.999988407145450342e-01 -9.446559002875137834e-03
9.999785494404224151e-01 -6.475098585988161952e-03 9.867914321304057778e-04 -1.254184135796838073e-01 6.476319699789488855e-03 9.999782604374710671e-01 -1.239328687435224024e-03 -2.001347312039931329e-03 -9.787452042847777280e-04 1.245692879932867739e-03 9.999987451527496685e-01 -9.456517360531657701e-03
9.999800173491509847e-01 -6.221027318998437541e-03 1.124153676328529120e-03 -1.275492937083307632e-01 6.222576232757147385e-03 9.999796878565612168e-01 -1.379644636109077054e-03 -2.038862917872904645e-03 -1.115548035386064148e-03 1.386612199100306295e-03 9.999984164283411969e-01 -9.411266847140747904e-03
9.999812702048459512e-01 -5.981350075867368672e-03 1.297185712529469416e-03 -1.298860784661209078e-01 5.983295858461443011e-03 9.999809728844756274e-01 -1.501345958695862997e-03 -2.075745650936264026e-03 -1.288180955063112027e-03 1.509079284695034016e-03 9.999980316328325181e-01 -9.400859346588436027e-03
9.999832901155547571e-01 -5.681941785267186594e-03 1.065376562169674133e-03 -1.322809636029285696e-01 5.683572694372984908e-03 9.999826716163705553e-01 -1.534101826425063753e-03 -2.118974052947386090e-03 -1.056641423645475779e-03 1.540131336898789387e-03 9.999982557506622571e-01 -9.382605345270828012e-03
9.999855037979058503e-01 -5.258193853236756837e-03 1.159133922492068536e-03 -1.345812387706858682e-01 5.260010840451200681e-03 9.999849334172237203e-01 -1.570103343463988797e-03 -2.173064352189569767e-03 -1.150860550555327533e-03 1.576177639926456230e-03 9.999980955902069146e-01 -9.370872490473414196e-03
9.999872062881810519e-01 -4.910819914537792145e-03 1.212892297705389774e-03 -1.368853229331454258e-01 4.912733419169823708e-03 9.999866846638657547e-01 -1.579729509293199829e-03 -2.219257119198244244e-03 -1.205118380502931278e-03 1.585667915213897095e-03 9.999980166715090046e-01 -9.380889592746244343e-03
9.999889325028535891e-01 -4.500270955039658259e-03 1.372017906025880737e-03 -1.394583995021732858e-01 4.502526884513468296e-03 9.999885095418055148e-01 -1.645611136502146557e-03 -2.270222350839373304e-03 -1.364596444910598852e-03 1.651770471213504518e-03 9.999977047627924831e-01 -9.371510054504775256e-03
9.999905474802329719e-01 -4.171235806526132905e-03 1.227086806312705034e-03 -1.419692916408732408e-01 4.173399433515800894e-03 9.999897319768771276e-01 -1.765977910928867665e-03 -2.312232777668698971e-03 -1.219707896261403197e-03 1.771082341370096465e-03 9.999976877873207881e-01 -9.366591333671250852e-03
9.999926253011541810e-01 -3.652237839157289681e-03 1.187645600241670797e-03 -1.446480027136346491e-01 3.654193225149285525e-03 9.999919646962553976e-01 -1.648458308962692451e-03 -2.373978359475041426e-03 -1.181615495336265070e-03 1.652786038585385159e-03 9.999979360394359862e-01 -9.352376490054770120e-03
9.999944101230916482e-01 -3.069312018958608376e-03 1.326290428286907609e-03 -1.473892141105548614e-01 3.071608638668383781e-03 9.999937808457216581e-01 -1.733058062944390796e-03 -2.440281447059543338e-03 -1.320962883939967841e-03 1.737122220500053127e-03 9.999976187288899254e-01 -9.358390804411545472e-03
9.999959840871966987e-01 -2.444414948363445722e-03 1.434100777270150588e-03 -1.502303966183299866e-01 2.446907400202560229e-03 9.999954945701418074e-01 -1.738816721930993518e-03 -2.508003421719555079e-03 -1.429843926442136417e-03 1.742318850799195930e-03 9.999974599324581437e-01 -9.358467017396343568e-03
9.999971532293825405e-01 -1.953020837108915362e-03 1.370854748252256072e-03 -1.531130254431561366e-01 1.955549499352335959e-03 9.999963846433612691e-01 -1.845677751519415920e-03 -2.561651400642532030e-03 -1.367245145016135390e-03 1.848353271614852850e-03 9.999973571119560312e-01 -9.350384110843434904e-03
9.999986106037024314e-01 -1.015733484197827883e-03 1.321770083549650161e-03 -1.562087250259648064e-01 1.018105908712939800e-03 9.999978699055568354e-01 -1.795451115377756602e-03 -2.657247672559781473e-03 -1.319943568237410322e-03 1.796794322716646153e-03 9.999975146364806777e-01 -9.343002382200440992e-03
