9.999992089438867193e-01 -1.257820178215425045e-03 0.000000000000000000e+00 -6.369854337605998160e-03 1.257820178215425045e-03 9.999992089438867193e-01 0.000000000000000000e+00 1.460703174073491994e-04 0.000000000000000000e+00 0.000000000000000000e+00 1.000000000000000000e+00 0.000000000000000000e+00
9.999994291326448348e-01 -1.068519716419584010e-03 0.000000000000000000e+00 -6.889343261718750000e-03 1.068519716419584010e-03 9.999994291326448348e-01 0.000000000000000000e+00 -8.392333984375000000e-04 0.000000000000000000e+00 0.000000000000000000e+00 1.000000000000000000e+00 0.000000000000000000e+00
9.999993654635191964e-01 -1.126531206364545954e-03 0.000000000000000000e+00 -6.326675415039062500e-03 1.126531206364545954e-03 9.999993654635191964e-01 0.000000000000000000e+00 2.880096435546875000e-04 0.000000000000000000e+00 0.000000000000000000e+00 1.000000000000000000e+00 0.000000000000000000e+00
9.999992984290586584e-01 -1.184542692518350407e-03 0.000000000000000000e+00 -5.764007568359375000e-03 1.184542692518350407e-03 9.999992984290586584e-01 0.000000000000000000e+00 1.415252685546875000e-03 0.000000000000000000e+00 0.000000000000000000e+00 1.000000000000000000e+00 0.000000000000000000e+00
9.999978835599399041e-01 -2.057395353575911228e-03 0.000000000000000000e+00 -5.033331723948616596e-03 2.057395353575911228e-03 9.999978835599399041e-01 0.000000000000000000e+00 1.717012319991837680e-03 0.000000000000000000e+00 0.000000000000000000e+00 1.000000000000000000e+00 0.000000000000000000e+00
9.999957068186637876e-01 -2.930246447157917964e-03 0.000000000000000000e+00 -4.302655879537857324e-03 2.930246447157917964e-03 9.999957068186637876e-01 0.000000000000000000e+00 2.018771954436800360e-03 0.000000000000000000e+00 0.000000000000000000e+00 1.000000000000000000e+00 0.000000000000000000e+00
9.999974424385286165e-01 -2.261662309394334592e-03 0.000000000000000000e+00 -5.638966009245446019e-03 2.261662309394334592e-03 9.999974424385286165e-01 0.000000000000000000e+00 2.224850295177056847e-03 0.000000000000000000e+00 0.000000000000000000e+00 1.000000000000000000e+00 0.000000000000000000e+00
9.999987557349372391e-01 -1.577507076796016722e-03 0.000000000000000000e+00 -6.996154785156250000e-03 1.577507076796016722e-03 9.999987557349372391e-01 0.000000000000000000e+00 2.429962158203125000e-03 0.000000000000000000e+00 0.000000000000000000e+00 1.000000000000000000e+00 0.000000000000000000e+00
9.999981998849125642e-01 -1.897426397657515440e-03 0.000000000000000000e+00 -5.365893615418998799e-03 1.897426397657515440e-03 9.999981998849125642e-01 0.000000000000000000e+00 1.737243500515003218e-03 0.000000000000000000e+00 0.000000000000000000e+00 1.000000000000000000e+00 0.000000000000000000e+00
9.999975416863912114e-01 -2.217345524319925491e-03 0.000000000000000000e+00 -3.735632445681747165e-03 2.217345524319925491e-03 9.999975416863912114e-01 0.000000000000000000e+00 1.044524842826881220e-03 0.000000000000000000e+00 0.000000000000000000e+00 1.000000000000000000e+00 0.000000000000000000e+00
9.999984900108037644e-01 -1.737807846791110389e-03 0.000000000000000000e+00 -3.430423736572265573e-03 1.737807846791110389e-03 9.999984900108037644e-01 0.000000000000000000e+00 1.048927307128906354e-03 0.000000000000000000e+00 0.000000000000000000e+00 1.000000000000000000e+00 0.000000000000000000e+00
9.999992185066277628e-01 -1.250194438366858916e-03 0.000000000000000000e+00 -3.138599395751953073e-03 1.250194438366858916e-03 9.999992185066277628e-01 0.000000000000000000e+00 1.060371398925781354e-03 0.000000000000000000e+00 0.000000000000000000e+00 1.000000000000000000e+00 0.000000000000000000e+00
9.999998331007446950e-01 -5.777529599359656305e-04 0.000000000000000000e+00 -4.517898559570313055e-03 5.777529599359656305e-04 9.999998331007446950e-01 0.000000000000000000e+00 1.109580993652343767e-03 0.000000000000000000e+00 0.000000000000000000e+00 1.000000000000000000e+00 0.000000000000000000e+00
9.999999953384957063e-01 9.655572735493351188e-05 0.000000000000000000e+00 -5.914077758789062188e-03 -9.655572735493351188e-05 9.999999953384957063e-01 -0.000000000000000000e+00 1.159172058105468767e-03 -0.000000000000000000e+00 0.000000000000000000e+00 1.000000000000000000e+00 0.000000000000000000e+00
9.999993196261176553e-01 -1.166510737987556424e-03 0.000000000000000000e+00 -4.885711669921874965e-03 1.166510737987556424e-03 9.999993196261176553e-01 0.000000000000000000e+00 4.685592651367187977e-04 0.000000000000000000e+00 0.000000000000000000e+00 1.000000000000000000e+00 0.000000000000000000e+00
9.999970008405406618e-01 -2.449144733113876784e-03 0.000000000000000000e+00 -3.832855224609374965e-03 2.449144733113876784e-03 9.999970008405406618e-01 0.000000000000000000e+00 -2.295303344726562294e-04 0.000000000000000000e+00 0.000000000000000000e+00 1.000000000000000000e+00 0.000000000000000000e+00
9.999982091813234275e-01 -1.892520580102151611e-03 0.000000000000000000e+00 -6.188838326152245294e-03 1.892520580102151611e-03 9.999982091813234275e-01 0.000000000000000000e+00 7.282429604075063556e-05 0.000000000000000000e+00 0.000000000000000000e+00 1.000000000000000000e+00 0.000000000000000000e+00
9.999991323369828988e-01 -1.317317456562382225e-03 0.000000000000000000e+00 -8.579254150390625000e-03 1.317317456562382225e-03 9.999991323369828988e-01 0.000000000000000000e+00 3.852844238281250000e-04 0.000000000000000000e+00 0.000000000000000000e+00 1.000000000000000000e+00 0.000000000000000000e+00
9.999987749891753319e-01 -1.565254020520758568e-03 0.000000000000000000e+00 -6.057739257812500000e-03 1.565254020520758568e-03 9.999987749891753319e-01 0.000000000000000000e+00 1.729965209960937500e-03 0.000000000000000000e+00 0.000000000000000000e+00 1.000000000000000000e+00 0.000000000000000000e+00
9.999983561687755262e-01 -1.813190488258795488e-03 0.000000000000000000e+00 -3.536224365234375000e-03 1.813190488258795488e-03 9.999983561687755262e-01 0.000000000000000000e+00 3.074645996093750000e-03 0.000000000000000000e+00 0.000000000000000000e+00 1.000000000000000000e+00 0.000000000000000000e+00
9.999981994962916509e-01 -1.897631200939053258e-03 0.000000000000000000e+00 -4.031565651964785085e-03 1.897631200939053258e-03 9.999981994962916509e-01 0.000000000000000000e+00 2.922817249203202641e-03 0.000000000000000000e+00 0.000000000000000000e+00 1.000000000000000000e+00 0.000000000000000000e+00
9.999980356935621595e-01 -1.982071900088708608e-03 0.000000000000000000e+00 -4.526906938695196038e-03 1.982071900088708608e-03 9.999980356935621595e-01 0.000000000000000000e+00 2.770988502312655716e-03 0.000000000000000000e+00 0.000000000000000000e+00 1.000000000000000000e+00 0.000000000000000000e+00
9.999981848693729747e-01 -1.905323583922302654e-03 0.000000000000000000e+00 -4.052238464355468681e-03 1.905323583922302654e-03 9.999981848693729747e-01 0.000000000000000000e+00 2.008495330810546823e-03 0.000000000000000000e+00 0.000000000000000000e+00 1.000000000000000000e+00 0.000000000000000000e+00
9.999983311307829581e-01 -1.826947084311004782e-03 0.000000000000000000e+00 -3.567771911621094114e-03 1.826947084311004782e-03 9.999983311307829581e-01 0.000000000000000000e+00 1.239833831787109323e-03 0.000000000000000000e+00 0.000000000000000000e+00 1.000000000000000000e+00 0.000000000000000000e+00
9.999986337381997492e-01 -1.653034099441430408e-03 0.000000000000000000e+00 -2.905807495117187535e-03 1.653034099441430408e-03 9.999986337381997492e-01 0.000000000000000000e+00 5.013847351074218837e-04 0.000000000000000000e+00 0.000000000000000000e+00 1.000000000000000000e+00 0.000000000000000000e+00
9.999989075267501359e-01 -1.478156049344050331e-03 0.000000000000000000e+00 -2.242050170898437535e-03 1.478156049344050331e-03 9.999989075267501359e-01 0.000000000000000000e+00 -2.367591857910156163e-04 0.000000000000000000e+00 0.000000000000000000e+00 1.000000000000000000e+00 0.000000000000000000e+00
9.999991595900307173e-01 -1.296464126882060624e-03 0.000000000000000000e+00 -4.470978549976445046e-03 1.296464126882060624e-03 9.999991595900307173e-01 0.000000000000000000e+00 5.054761416948020877e-04 0.000000000000000000e+00 0.000000000000000000e+00 1.000000000000000000e+00 0.000000000000000000e+00
9.999993787180444516e-01 -1.114703335068830412e-03 0.000000000000000000e+00 -6.729125976562500000e-03 1.114703335068830412e-03 9.999993787180444516e-01 0.000000000000000000e+00 1.262664794921875000e-03 0.000000000000000000e+00 0.000000000000000000e+00 1.000000000000000000e+00 0.000000000000000000e+00
9.999996018881458504e-01 -8.923135938907921687e-04 0.000000000000000000e+00 -6.259918212890625000e-03 8.923135938907921687e-04 9.999996018881458504e-01 0.000000000000000000e+00 7.171630859375000000e-04 0.000000000000000000e+00 0.000000000000000000e+00 1.000000000000000000e+00 0.000000000000000000e+00
9.999997756010201577e-01 -6.699238085813800231e-04 0.000000000000000000e+00 -5.790710449218750000e-03 6.699238085813800231e-04 9.999997756010201577e-01 0.000000000000000000e+00 1.716613769531250000e-04 0.000000000000000000e+00 0.000000000000000000e+00 1.000000000000000000e+00 0.000000000000000000e+00
9.999982743376113481e-01 -1.857773344488173294e-03 0.000000000000000000e+00 -7.062276204427083912e-03 1.857773344488173294e-03 9.999982743376113481e-01 0.000000000000000000e+00 1.213586152489505620e-03 0.000000000000000000e+00 0.000000000000000000e+00 1.000000000000000000e+00 0.000000000000000000e+00
9.999953620878635485e-01 -3.045620259097633290e-03 0.000000000000000000e+00 -8.333841959635417823e-03 3.045620259097633290e-03 9.999953620878635485e-01 0.000000000000000000e+00 2.255510928025886239e-03 0.000000000000000000e+00 0.000000000000000000e+00 1.000000000000000000e+00 0.000000000000000000e+00
9.999968071397683511e-01 -2.526996293795124617e-03 0.000000000000000000e+00 -1.085607528686523444e-02 2.526996293795124617e-03 9.999968071397683511e-01 0.000000000000000000e+00 1.593704223632812613e-03 0.000000000000000000e+00 0.000000000000000000e+00 1.000000000000000000e+00 0.000000000000000000e+00
9.999980176896440254e-01 -1.991134546510282214e-03 0.000000000000000000e+00 -1.339094161987304694e-02 1.991134546510282214e-03 9.999980176896440254e-01 0.000000000000000000e+00 9.146881103515625043e-04 0.000000000000000000e+00 0.000000000000000000e+00 1.000000000000000000e+00 0.000000000000000000e+00
9.999972828267431613e-01 -2.331166903233552589e-03 0.000000000000000000e+00 -1.820245100625196219e-02 2.331166903233552589e-03 9.999972828267431613e-01 0.000000000000000000e+00 1.867476420186871483e-04 0.000000000000000000e+00 0.000000000000000000e+00 1.000000000000000000e+00 0.000000000000000000e+00
9.999964086692092469e-01 -2.680046395858049196e-03 0.000000000000000000e+00 -2.303695678710937500e-02 2.680046395858049196e-03 9.999964086692092469e-01 0.000000000000000000e+00 -5.416870117187500000e-04 0.000000000000000000e+00 0.000000000000000000e+00 1.000000000000000000e+00 0.000000000000000000e+00
9.999980847135839790e-01 -1.957183988199370783e-03 0.000000000000000000e+00 -2.815628051757812500e-02 1.957183988199370783e-03 9.999980847135839790e-01 0.000000000000000000e+00 -2.288818359375000000e-05 0.000000000000000000e+00 0.000000000000000000e+00 1.000000000000000000e+00 0.000000000000000000e+00
9.999992382260900481e-01 -1.234320557847727552e-03 0.000000000000000000e+00 -3.327560424804687500e-02 1.234320557847727552e-03 9.999992382260900481e-01 0.000000000000000000e+00 4.959106445312500000e-04 0.000000000000000000e+00 0.000000000000000000e+00 1.000000000000000000e+00 0.000000000000000000e+00
9.999998372654115286e-01 -5.704990364080575862e-04 0.000000000000000000e+00 -4.007563424940725760e-02 5.704990364080575862e-04 9.999998372654115286e-01 0.000000000000000000e+00 1.311990159067941619e-03 0.000000000000000000e+00 0.000000000000000000e+00 1.000000000000000000e+00 0.000000000000000000e+00
9.999999956454334038e-01 9.332273642735889826e-05 0.000000000000000000e+00 -4.687566425076764021e-02 -9.332273642735889826e-05 9.999999956454334038e-01 -0.000000000000000000e+00 2.128069673604633238e-03 -0.000000000000000000e+00 0.000000000000000000e+00 1.000000000000000000e+00 0.000000000000000000e+00
9.999994731035038997e-01 1.026544063651237820e-03 0.000000000000000000e+00 -5.498638824002825831e-02 -1.026544063651237820e-03 9.999994731035038997e-01 -0.000000000000000000e+00 1.210121653187814150e-03 -0.000000000000000000e+00 0.000000000000000000e+00 1.000000000000000000e+00 0.000000000000000000e+00
9.999980743230830749e-01 1.962485700748514261e-03 0.000000000000000000e+00 -6.311035156250000000e-02 -1.962485700748514261e-03 9.999980743230830749e-01 -0.000000000000000000e+00 2.746582031250000000e-04 -0.000000000000000000e+00 0.000000000000000000e+00 1.000000000000000000e+00 0.000000000000000000e+00
9.999932470197547829e-01 3.675039440289489066e-03 0.000000000000000000e+00 -7.160568237304687500e-02 -3.675039440289489066e-03 9.999932470197547829e-01 -0.000000000000000000e+00 5.722045898437500000e-05 -0.000000000000000000e+00 0.000000000000000000e+00 1.000000000000000000e+00 0.000000000000000000e+00
9.999854868726184565e-01 5.387582401441009042e-03 0.000000000000000000e+00 -8.010101318359375000e-02 -5.387582401441009042e-03 9.999854868726184565e-01 -0.000000000000000000e+00 -1.602172851562500000e-04 -0.000000000000000000e+00 0.000000000000000000e+00 1.000000000000000000e+00 0.000000000000000000e+00
9.999449455785489604e-01 1.049313165421986854e-02 0.000000000000000000e+00 -8.921263585636271531e-02 -1.049313165421986854e-02 9.999449455785489604e-01 -0.000000000000000000e+00 1.681123799945584895e-04 -0.000000000000000000e+00 0.000000000000000000e+00 1.000000000000000000e+00 0.000000000000000000e+00
9.998783374428843462e-01 1.559840736913859285e-02 0.000000000000000000e+00 -9.832425852913168063e-02 -1.559840736913859285e-02 9.998783374428843462e-01 -0.000000000000000000e+00 4.964420451453669791e-04 -0.000000000000000000e+00 0.000000000000000000e+00 1.000000000000000000e+00 0.000000000000000000e+00
9.998848123551736800e-01 1.517768168921190992e-02 0.000000000000000000e+00 -1.090803527832031328e-01 -1.517768168921190992e-02 9.998848123551736800e-01 -0.000000000000000000e+00 2.939033508300781315e-04 -0.000000000000000000e+00 0.000000000000000000e+00 1.000000000000000000e+00 0.000000000000000000e+00
9.998919324574238043e-01 1.470113623359196181e-02 0.000000000000000000e+00 -1.198530578613281189e-01 -1.470113623359196181e-02 9.998919324574238043e-01 -0.000000000000000000e+00 8.600234985351563151e-05 -0.000000000000000000e+00 0.000000000000000000e+00 1.000000000000000000e+00 0.000000000000000000e+00
9.999096831402101149e-01 1.343970098047913946e-02 0.000000000000000000e+00 -1.317667745465609108e-01 -1.343970098047913946e-02 9.999096831402101149e-01 -0.000000000000000000e+00 2.357444571490263955e-04 -0.000000000000000000e+00 0.000000000000000000e+00 1.000000000000000000e+00 0.000000000000000000e+00
9.999259389614626459e-01 1.217031602043722356e-02 0.000000000000000000e+00 -1.436920166015625000e-01 -1.217031602043722356e-02 9.999259389614626459e-01 -0.000000000000000000e+00 3.890991210937500000e-04 -0.000000000000000000e+00 0.000000000000000000e+00 1.000000000000000000e+00 0.000000000000000000e+00
9.999262043477161743e-01 1.214849203684712289e-02 0.000000000000000000e+00 -1.553239964727145539e-01 -1.214849203684712289e-02 9.999262043477161743e-01 -0.000000000000000000e+00 3.682226683962997599e-04 -0.000000000000000000e+00 0.000000000000000000e+00 1.000000000000000000e+00 0.000000000000000000e+00
9.999264692576481650e-01 1.212666804747000032e-02 0.000000000000000000e+00 -1.669559763438665800e-01 -1.212666804747000032e-02 9.999264692576481650e-01 -0.000000000000000000e+00 3.473462156988495197e-04 -0.000000000000000000e+00 0.000000000000000000e+00 1.000000000000000000e+00 0.000000000000000000e+00
9.999357050570653049e-01 1.133956577782929166e-02 0.000000000000000000e+00 -1.786077690124511785e-01 -1.133956577782929166e-02 9.999357050570653049e-01 -0.000000000000000000e+00 2.697181701660156185e-04 -0.000000000000000000e+00 0.000000000000000000e+00 1.000000000000000000e+00 0.000000000000000000e+00
9.999444028281356811e-01 1.054472629721592281e-02 0.000000000000000000e+00 -1.902597618103027410e-01 -1.054472629721592281e-02 9.999444028281356811e-01 -0.000000000000000000e+00 1.915168762207031185e-04 -0.000000000000000000e+00 0.000000000000000000e+00 1.000000000000000000e+00 0.000000000000000000e+00
9.999433005674153163e-01 1.064873937815065397e-02 0.000000000000000000e+00 -2.005881496410273912e-01 -1.064873937815065397e-02 9.999433005674153163e-01 -0.000000000000000000e+00 5.247413213528580702e-04 -0.000000000000000000e+00 0.000000000000000000e+00 1.000000000000000000e+00 0.000000000000000000e+00
9.999420898126810675e-01 1.076183167718515986e-02 0.000000000000000000e+00 -2.109031677246093750e-01 -1.076183167718515986e-02 9.999420898126810675e-01 -0.000000000000000000e+00 8.621215820312500000e-04 -0.000000000000000000e+00 0.000000000000000000e+00 1.000000000000000000e+00 0.000000000000000000e+00
9.999375099254567134e-01 1.117927743985026000e-02 0.000000000000000000e+00 -2.217464447021484375e-01 -1.117927743985026000e-02 9.999375099254567134e-01 -0.000000000000000000e+00 9.307861328125000000e-04 -0.000000000000000000e+00 0.000000000000000000e+00 1.000000000000000000e+00 0.000000000000000000e+00
9.999327557671831013e-01 1.159672125416919691e-02 0.000000000000000000e+00 -2.325897216796875000e-01 -1.159672125416919691e-02 9.999327557671831013e-01 -0.000000000000000000e+00 9.994506835937500000e-04 -0.000000000000000000e+00 0.000000000000000000e+00 1.000000000000000000e+00 0.000000000000000000e+00
9.999267953574444423e-01 1.209974901357267416e-02 0.000000000000000000e+00 -2.427101135253906250e-01 -1.209974901357267416e-02 9.999267953574444423e-01 -0.000000000000000000e+00 1.176834106445312500e-03 -0.000000000000000000e+00 0.000000000000000000e+00 1.000000000000000000e+00 0.000000000000000000e+00
9.999205818937786372e-01 1.260277371086298073e-02 0.000000000000000000e+00 -2.528305053710937500e-01 -1.260277371086298073e-02 9.999205818937786372e-01 -0.000000000000000000e+00 1.354217529296875000e-03 -0.000000000000000000e+00 0.000000000000000000e+00 1.000000000000000000e+00 0.000000000000000000e+00
9.998824847539155014e-01 1.533025382490170972e-02 0.000000000000000000e+00 -2.651443481445312500e-01 -1.533025382490170972e-02 9.998824847539155014e-01 -0.000000000000000000e+00 2.313613891601562500e-03 -0.000000000000000000e+00 0.000000000000000000e+00 1.000000000000000000e+00 0.000000000000000000e+00
9.998369478892716877e-01 1.805761987266664426e-02 0.000000000000000000e+00 -2.774581909179687500e-01 -1.805761987266664426e-02 9.998369478892716877e-01 -0.000000000000000000e+00 3.273010253906250000e-03 -0.000000000000000000e+00 0.000000000000000000e+00 1.000000000000000000e+00 0.000000000000000000e+00
9.996943521687473577e-01 2.472250476607244785e-02 0.000000000000000000e+00 -2.930049896240234375e-01 -2.472250476607244785e-02 9.996943521687473577e-01 -0.000000000000000000e+00 2.105712890625000000e-03 -0.000000000000000000e+00 0.000000000000000000e+00 1.000000000000000000e+00 0.000000000000000000e+00
9.995073290073438477e-01 3.138629096604610841e-02 0.000000000000000000e+00 -3.085517883300781250e-01 -3.138629096604610841e-02 9.995073290073438477e-01 -0.000000000000000000e+00 9.384155273437500000e-04 -0.000000000000000000e+00 0.000000000000000000e+00 1.000000000000000000e+00 0.000000000000000000e+00
9.995212204573008519e-01 3.094074749497524243e-02 0.000000000000000000e+00 -3.290809327690162878e-01 -3.094074749497524243e-02 9.995212204573008519e-01 -0.000000000000000000e+00 1.261051614486162920e-03 -0.000000000000000000e+00 0.000000000000000000e+00 1.000000000000000000e+00 0.000000000000000000e+00
9.995349133004353126e-01 3.049519787591727787e-02 0.000000000000000000e+00 -3.496100772079543950e-01 -3.049519787591727787e-02 9.995349133004353126e-01 -0.000000000000000000e+00 1.583687701628575840e-03 -0.000000000000000000e+00 0.000000000000000000e+00 1.000000000000000000e+00 0.000000000000000000e+00
9.996000993181691774e-01 2.827793208681215337e-02 0.000000000000000000e+00 -3.736000823974609530e-01 -2.827793208681215337e-02 9.996000993181691774e-01 -0.000000000000000000e+00 1.239471435546875061e-03 -0.000000000000000000e+00 0.000000000000000000e+00 1.000000000000000000e+00 0.000000000000000000e+00
9.996608332059331303e-01 2.604262955270753022e-02 0.000000000000000000e+00 -3.976250457763671475e-01 -2.604262955270753022e-02 9.996608332059331303e-01 -0.000000000000000000e+00 8.885192871093750607e-04 -0.000000000000000000e+00 0.000000000000000000e+00 1.000000000000000000e+00 0.000000000000000000e+00
9.996458430861384636e-01 2.661180941994316373e-02 0.000000000000000000e+00 -4.239537048339843683e-01 -2.661180941994316373e-02 9.996458430861384636e-01 -0.000000000000000000e+00 6.791877746582030773e-04 -0.000000000000000000e+00 0.000000000000000000e+00 1.000000000000000000e+00 0.000000000000000000e+00
9.996297582228682588e-01 2.720930861469959480e-02 0.000000000000000000e+00 -4.503056335449218683e-01 -2.720930861469959480e-02 9.996297582228682588e-01 -0.000000000000000000e+00 4.712867736816406315e-04 -0.000000000000000000e+00 0.000000000000000000e+00 1.000000000000000000e+00 0.000000000000000000e+00
9.996581773431174600e-01 2.614437742682754195e-02 0.000000000000000000e+00 -4.753672345798818366e-01 -2.614437742682754195e-02 9.996581773431174600e-01 -0.000000000000000000e+00 1.036639189600345413e-03 -0.000000000000000000e+00 0.000000000000000000e+00 1.000000000000000000e+00 0.000000000000000000e+00
9.996858831142987345e-01 2.506262360537402784e-02 0.000000000000000000e+00 -5.004158020019531250e-01 -2.506262360537402784e-02 9.996858831142987345e-01 -0.000000000000000000e+00 1.609802246093750000e-03 -0.000000000000000000e+00 0.000000000000000000e+00 1.000000000000000000e+00 0.000000000000000000e+00
9.996840730337168690e-01 2.513471946766725196e-02 0.000000000000000000e+00 -5.276576749127895871e-01 -2.513471946766725196e-02 9.996840730337168690e-01 -0.000000000000000000e+00 2.611871975571361960e-03 -0.000000000000000000e+00 0.000000000000000000e+00 1.000000000000000000e+00 0.000000000000000000e+00
9.996822577536883525e-01 2.520681519923254413e-02 0.000000000000000000e+00 -5.548995478236259382e-01 -2.520681519923254413e-02 9.996822577536883525e-01 -0.000000000000000000e+00 3.613941705048973919e-03 -0.000000000000000000e+00 0.000000000000000000e+00 1.000000000000000000e+00 0.000000000000000000e+00
9.996955106495442056e-01 2.467561523340567470e-02 0.000000000000000000e+00 -5.818317547515409194e-01 -2.467561523340567470e-02 9.996955106495442056e-01 -0.000000000000000000e+00 2.796537313029993400e-03 -0.000000000000000000e+00 0.000000000000000000e+00 1.000000000000000000e+00 0.000000000000000000e+00
9.997086284431543346e-01 2.413831428056142231e-02 0.000000000000000000e+00 -6.087608337402343750e-01 -2.413831428056142231e-02 9.997086284431543346e-01 -0.000000000000000000e+00 1.960754394531250000e-03 -0.000000000000000000e+00 0.000000000000000000e+00 1.000000000000000000e+00 0.000000000000000000e+00
9.997012027559282199e-01 2.444391966012195161e-02 0.000000000000000000e+00 -6.280420511075766044e-01 -2.444391966012195161e-02 9.997012027559282199e-01 -0.000000000000000000e+00 3.835999139464727620e-03 -0.000000000000000000e+00 0.000000000000000000e+00 1.000000000000000000e+00 0.000000000000000000e+00
9.996936836468357512e-01 2.474952275540336089e-02 0.000000000000000000e+00 -6.473232684749187227e-01 -2.474952275540336089e-02 9.996936836468357512e-01 -0.000000000000000000e+00 5.711243884398205239e-03 -0.000000000000000000e+00 0.000000000000000000e+00 1.000000000000000000e+00 0.000000000000000000e+00
9.996866754801485566e-01 2.503099813128059278e-02 0.000000000000000000e+00 -6.487252125188933682e-01 -2.503099813128059278e-02 9.996866754801485566e-01 -0.000000000000000000e+00 5.746870184663552955e-03 -0.000000000000000000e+00 0.000000000000000000e+00 1.000000000000000000e+00 0.000000000000000000e+00
9.996796005273157482e-01 2.531197917086552493e-02 0.000000000000000000e+00 -6.497622734338194261e-01 -2.531197917086552493e-02 9.996796005273157482e-01 -0.000000000000000000e+00 5.744953251364242480e-03 -0.000000000000000000e+00 0.000000000000000000e+00 1.000000000000000000e+00 0.000000000000000000e+00
9.996844466220845549e-01 2.511985632714923075e-02 0.000000000000000000e+00 -6.491425864061517448e-01 -2.511985632714923075e-02 9.996844466220845549e-01 -0.000000000000000000e+00 5.555157685399654370e-03 -0.000000000000000000e+00 0.000000000000000000e+00 1.000000000000000000e+00 0.000000000000000000e+00
9.996893749455496581e-01 2.492295369686659337e-02 0.000000000000000000e+00 -6.485061645507812500e-01 -2.492295369686659337e-02 9.996893749455496581e-01 -0.000000000000000000e+00 5.363464355468750000e-03 -0.000000000000000000e+00 0.000000000000000000e+00 1.000000000000000000e+00 0.000000000000000000e+00
9.996871419304200757e-01 2.501236212332137027e-02 0.000000000000000000e+00 -6.490736244922846732e-01 -2.501236212332137027e-02 9.996871419304200757e-01 -0.000000000000000000e+00 4.558771996948849520e-03 -0.000000000000000000e+00 0.000000000000000000e+00 1.000000000000000000e+00 0.000000000000000000e+00
9.996849009189399116e-01 2.510177034970592982e-02 0.000000000000000000e+00 -6.496410844337880963e-01 -2.510177034970592982e-02 9.996849009189399116e-01 -0.000000000000000000e+00 3.754079638428949039e-03 -0.000000000000000000e+00 0.000000000000000000e+00 1.000000000000000000e+00 0.000000000000000000e+00
9.993521570380007324e-01 3.598980721669767235e-02 0.000000000000000000e+00 -6.497241783142089222e-01 -3.598980721669767235e-02 9.993521570380007324e-01 -0.000000000000000000e+00 3.079471588134766007e-03 -0.000000000000000000e+00 0.000000000000000000e+00 1.000000000000000000e+00 0.000000000000000000e+00
9.988957087664537271e-01 4.698258196357513183e-02 0.000000000000000000e+00 -6.498023796081543457e-01 -4.698258196357513183e-02 9.988957087664537271e-01 -0.000000000000000000e+00 2.406177520751953073e-03 -0.000000000000000000e+00 0.000000000000000000e+00 1.000000000000000000e+00 0.000000000000000000e+00
9.973197128006472401e-01 7.316686722304326096e-02 0.000000000000000000e+00 -6.494934844970703391e-01 -7.316686722304326096e-02 9.973197128006472401e-01 -0.000000000000000000e+00 -1.780509948730469184e-04 -0.000000000000000000e+00 0.000000000000000000e+00 1.000000000000000000e+00 0.000000000000000000e+00
9.950421724130120715e-01 9.945388438665206388e-02 0.000000000000000000e+00 -6.491806793212889781e-01 -9.945388438665206388e-02 9.950421724130120715e-01 -0.000000000000000000e+00 -2.781581878662109635e-03 -0.000000000000000000e+00 0.000000000000000000e+00 1.000000000000000000e+00 0.000000000000000000e+00
9.907305698444561770e-01 1.358415914794844359e-01 0.000000000000000000e+00 -6.511262512207031117e-01 -1.358415914794844359e-01 9.907305698444561770e-01 -0.000000000000000000e+00 -6.308479309082031319e-03 -0.000000000000000000e+00 0.000000000000000000e+00 1.000000000000000000e+00 0.000000000000000000e+00
9.850709255702749800e-01 1.721489808163897961e-01 0.000000000000000000e+00 -6.530946350097657227e-01 -1.721489808163897961e-01 9.850709255702749800e-01 -0.000000000000000000e+00 -9.844703674316406319e-03 -0.000000000000000000e+00 0.000000000000000000e+00 1.000000000000000000e+00 0.000000000000000000e+00
9.782128463907768801e-01 2.076044969552786612e-01 0.000000000000000000e+00 -6.520568847656249556e-01 -2.076044969552786612e-01 9.782128463907768801e-01 -0.000000000000000000e+00 -1.322608947753906375e-02 -0.000000000000000000e+00 0.000000000000000000e+00 1.000000000000000000e+00 0.000000000000000000e+00
9.700806065624364427e-01 2.427830652484959106e-01 0.000000000000000000e+00 -6.509887695312499556e-01 -2.427830652484959106e-01 9.700806065624364427e-01 -0.000000000000000000e+00 -1.660591125488281028e-02 -0.000000000000000000e+00 0.000000000000000000e+00 1.000000000000000000e+00 0.000000000000000000e+00
9.606390029724616308e-01 2.777997587617289099e-01 0.000000000000000000e+00 -6.521186065673827414e-01 -2.777997587617289099e-01 9.606390029724616308e-01 -0.000000000000000000e+00 -2.116212844848632674e-02 -0.000000000000000000e+00 0.000000000000000000e+00 1.000000000000000000e+00 0.000000000000000000e+00
9.499333506801711513e-01 3.124526032305427470e-01 0.000000000000000000e+00 -6.532706451416016025e-01 -3.124526032305427470e-01 9.499333506801711513e-01 -0.000000000000000000e+00 -2.573022842407226771e-02 -0.000000000000000000e+00 0.000000000000000000e+00 1.000000000000000000e+00 0.000000000000000000e+00
9.377701054496166977e-01 3.472567196254304212e-01 0.000000000000000000e+00 -6.537919998168946201e-01 -3.472567196254304212e-01 9.377701054496166977e-01 -0.000000000000000000e+00 -2.893121719360351382e-02 -0.000000000000000000e+00 0.000000000000000000e+00 1.000000000000000000e+00 0.000000000000000000e+00
9.243298656042553407e-01 3.815944176111847885e-01 0.000000000000000000e+00 -6.543069839477538840e-01 -3.815944176111847885e-01 9.243298656042553407e-01 -0.000000000000000000e+00 -3.211839675903320479e-02 -0.000000000000000000e+00 0.000000000000000000e+00 1.000000000000000000e+00 0.000000000000000000e+00
9.094645613672044382e-01 4.157814469371599597e-01 0.000000000000000000e+00 -6.554432106018066584e-01 -4.157814469371599597e-01 9.094645613672044382e-01 -0.000000000000000000e+00 -3.393657684326172042e-02 -0.000000000000000000e+00 0.000000000000000000e+00 1.000000000000000000e+00 0.000000000000000000e+00
8.933335091740658429e-01 4.493943050226039682e-01 0.000000000000000000e+00 -6.565857124328613459e-01 -4.493943050226039682e-01 8.933335091740658429e-01 -0.000000000000000000e+00 -3.574092864990233848e-02 -0.000000000000000000e+00 0.000000000000000000e+00 1.000000000000000000e+00 0.000000000000000000e+00
8.763737889057449104e-01 4.816315833902391486e-01 0.000000000000000000e+00 -6.591085433959961160e-01 -4.816315833902391486e-01 8.763737889057449104e-01 -0.000000000000000000e+00 -3.969791412353515514e-02 -0.000000000000000000e+00 0.000000000000000000e+00 1.000000000000000000e+00 0.000000000000000000e+00
8.582556737984604611e-01 5.132223673932679864e-01 0.000000000000000000e+00 -6.616453170776366299e-01 -5.132223673932679864e-01 8.582556737984604611e-01 -0.000000000000000000e+00 -4.367664337158203708e-02 -0.000000000000000000e+00 0.000000000000000000e+00 1.000000000000000000e+00 0.000000000000000000e+00
8.383704257296946682e-01 5.451009349302297080e-01 0.000000000000000000e+00 -6.639347172262679564e-01 -5.451009349302297080e-01 8.383704257296946682e-01 -0.000000000000000000e+00 -4.627841201858903797e-02 -0.000000000000000000e+00 0.000000000000000000e+00 1.000000000000000000e+00 0.000000000000000000e+00
8.172949576597232646e-01 5.762195347122406330e-01 0.000000000000000000e+00 -6.662216186523437500e-01 -5.762195347122406330e-01 8.172949576597232646e-01 -0.000000000000000000e+00 -4.886627197265625000e-02 -0.000000000000000000e+00 0.000000000000000000e+00 1.000000000000000000e+00 0.000000000000000000e+00
7.956692661895322649e-01 6.057313091143724515e-01 0.000000000000000000e+00 -6.680850982666015625e-01 -6.057313091143724515e-01 7.956692661895322649e-01 -0.000000000000000000e+00 -5.103302001953125000e-02 -0.000000000000000000e+00 0.000000000000000000e+00 1.000000000000000000e+00 0.000000000000000000e+00
7.729784796181987661e-01 6.344322422821351282e-01 0.000000000000000000e+00 -6.699485778808593750e-01 -6.344322422821351282e-01 7.729784796181987661e-01 -0.000000000000000000e+00 -5.319976806640625000e-02 -0.000000000000000000e+00 0.000000000000000000e+00 1.000000000000000000e+00 0.000000000000000000e+00
7.511475271914223040e-01 6.601343744982618444e-01 0.000000000000000000e+00 -6.714992523193359375e-01 -6.601343744982618444e-01 7.511475271914223040e-01 -0.000000000000000000e+00 -5.560111999511718750e-02 -0.000000000000000000e+00 0.000000000000000000e+00 1.000000000000000000e+00 0.000000000000000000e+00
7.284623772448656220e-01 6.850858084493935962e-01 0.000000000000000000e+00 -6.730499267578125000e-01 -6.850858084493935962e-01 7.284623772448656220e-01 -0.000000000000000000e+00 -5.800247192382812500e-02 -0.000000000000000000e+00 0.000000000000000000e+00 1.000000000000000000e+00 0.000000000000000000e+00
7.034770180140265117e-01 7.107180067552059111e-01 0.000000000000000000e+00 -6.758213043212890625e-01 -7.107180067552059111e-01 7.034770180140265117e-01 -0.000000000000000000e+00 -6.098747253417968750e-02 -0.000000000000000000e+00 0.000000000000000000e+00 1.000000000000000000e+00 0.000000000000000000e+00
6.775903093211961270e-01 7.354395778811511075e-01 0.000000000000000000e+00 -6.785926818847656250e-01 -7.354395778811511075e-01 6.775903093211961270e-01 -0.000000000000000000e+00 -6.397247314453125000e-02 -0.000000000000000000e+00 0.000000000000000000e+00 1.000000000000000000e+00 0.000000000000000000e+00
6.497219998187557799e-01 7.601719035530823954e-01 0.000000000000000000e+00 -6.811714172363281250e-01 -7.601719035530823954e-01 6.497219998187557799e-01 -0.000000000000000000e+00 -6.521987915039062500e-02 -0.000000000000000000e+00 0.000000000000000000e+00 1.000000000000000000e+00 0.000000000000000000e+00
6.209516613774930249e-01 7.838488593042229891e-01 0.000000000000000000e+00 -6.837501525878906250e-01 -7.838488593042229891e-01 6.209516613774930249e-01 -0.000000000000000000e+00 -6.646728515625000000e-02 -0.000000000000000000e+00 0.000000000000000000e+00 1.000000000000000000e+00 0.000000000000000000e+00
5.915599725666214059e-01 8.062609992161212658e-01 0.000000000000000000e+00 -6.858844757080078125e-01 -8.062609992161212658e-01 5.915599725666214059e-01 -0.000000000000000000e+00 -6.826400756835937500e-02 -0.000000000000000000e+00 0.000000000000000000e+00 1.000000000000000000e+00 0.000000000000000000e+00
5.613601090815398820e-01 8.275716451957265685e-01 0.000000000000000000e+00 -6.880187988281250000e-01 -8.275716451957265685e-01 5.613601090815398820e-01 -0.000000000000000000e+00 -7.006072998046875000e-02 -0.000000000000000000e+00 0.000000000000000000e+00 1.000000000000000000e+00 0.000000000000000000e+00
5.309742456297245061e-01 8.473879574775329271e-01 0.000000000000000000e+00 -6.910438537597656250e-01 -8.473879574775329271e-01 5.309742456297245061e-01 -0.000000000000000000e+00 -7.299995422363281250e-02 -0.000000000000000000e+00 0.000000000000000000e+00 1.000000000000000000e+00 0.000000000000000000e+00
4.998896270104079553e-01 8.660891182825213308e-01 0.000000000000000000e+00 -6.940689086914062500e-01 -8.660891182825213308e-01 4.998896270104079553e-01 -0.000000000000000000e+00 -7.593917846679687500e-02 -0.000000000000000000e+00 0.000000000000000000e+00 1.000000000000000000e+00 0.000000000000000000e+00
4.680007602698799118e-01 8.837280624642483984e-01 0.000000000000000000e+00 -6.955032348632812500e-01 -8.837280624642483984e-01 4.680007602698799118e-01 -0.000000000000000000e+00 -7.750129699707031250e-02 -0.000000000000000000e+00 0.000000000000000000e+00 1.000000000000000000e+00 0.000000000000000000e+00
4.354903734623313261e-01 9.001933873460964408e-01 0.000000000000000000e+00 -6.969375610351562500e-01 -9.001933873460964408e-01 4.354903734623313261e-01 -0.000000000000000000e+00 -7.906341552734375000e-02 -0.000000000000000000e+00 0.000000000000000000e+00 1.000000000000000000e+00 0.000000000000000000e+00
4.038777745357337023e-01 9.148129553280621717e-01 0.000000000000000000e+00 -7.005093323057564048e-01 -9.148129553280621717e-01 4.038777745357337023e-01 -0.000000000000000000e+00 -8.117573296845849440e-02 -0.000000000000000000e+00 0.000000000000000000e+00 1.000000000000000000e+00 0.000000000000000000e+00
3.717752362551376422e-01 9.283227745280391296e-01 0.000000000000000000e+00 -7.040811035763564485e-01 -9.283227745280391296e-01 3.717752362551376422e-01 -0.000000000000000000e+00 -8.328805040957322492e-02 -0.000000000000000000e+00 0.000000000000000000e+00 1.000000000000000000e+00 0.000000000000000000e+00
3.372848814240859694e-01 9.414026284022900537e-01 0.000000000000000000e+00 -7.074606813977111219e-01 -9.414026284022900537e-01 3.372848814240859694e-01 -0.000000000000000000e+00 -8.400944848755495520e-02 -0.000000000000000000e+00 0.000000000000000000e+00 1.000000000000000000e+00 0.000000000000000000e+00
3.023157777051800332e-01 9.532078317714938187e-01 0.000000000000000000e+00 -7.108383178710937500e-01 -9.532078317714938187e-01 3.023157777051800332e-01 -0.000000000000000000e+00 -8.471679687500000000e-02 -0.000000000000000000e+00 0.000000000000000000e+00 1.000000000000000000e+00 0.000000000000000000e+00
2.669176864064162213e-01 9.637193308652920454e-01 0.000000000000000000e+00 -7.143096923828125000e-01 -9.637193308652920454e-01 2.669176864064162213e-01 -0.000000000000000000e+00 -8.555793762207031250e-02 -0.000000000000000000e+00 0.000000000000000000e+00 1.000000000000000000e+00 0.000000000000000000e+00
2.311556484432216729e-01 9.729167827685951675e-01 0.000000000000000000e+00 -7.177810668945312500e-01 -9.729167827685951675e-01 2.311556484432216729e-01 -0.000000000000000000e+00 -8.639907836914062500e-02 -0.000000000000000000e+00 0.000000000000000000e+00 1.000000000000000000e+00 0.000000000000000000e+00
1.955003080226934697e-01 9.807036400274202759e-01 0.000000000000000000e+00 -7.218690559045592980e-01 -9.807036400274202759e-01 1.955003080226934697e-01 -0.000000000000000000e+00 -8.807868388161731177e-02 -0.000000000000000000e+00 0.000000000000000000e+00 1.000000000000000000e+00 0.000000000000000000e+00
1.595845732256127025e-01 9.871842604034969382e-01 0.000000000000000000e+00 -7.259570449145872351e-01 -9.871842604034969382e-01 1.595845732256127025e-01 -0.000000000000000000e+00 -8.975828939409398466e-02 -0.000000000000000000e+00 0.000000000000000000e+00 1.000000000000000000e+00 0.000000000000000000e+00
1.223048982427825671e-01 9.924925752194939665e-01 0.000000000000000000e+00 -7.288114547729491743e-01 -9.924925752194939665e-01 1.223048982427825671e-01 -0.000000000000000000e+00 -8.939743041992187500e-02 -0.000000000000000000e+00 0.000000000000000000e+00 1.000000000000000000e+00 0.000000000000000000e+00
8.484012404876517532e-02 9.963945771386906181e-01 0.000000000000000000e+00 -7.316534042358397993e-01 -9.963945771386906181e-01 8.484012404876517532e-02 -0.000000000000000000e+00 -8.901596069335937500e-02 -0.000000000000000000e+00 0.000000000000000000e+00 1.000000000000000000e+00 0.000000000000000000e+00
7.493446073437781685e-02 9.971884609212283701e-01 0.000000000000000000e+00 -7.328223419189452414e-01 -9.971884609212283701e-01 7.493446073437781685e-02 -0.000000000000000000e+00 -8.910844802856446312e-02 -0.000000000000000000e+00 0.000000000000000000e+00 1.000000000000000000e+00 0.000000000000000000e+00
6.530092522476516059e-02 9.978656167865439519e-01 0.000000000000000000e+00 -7.339743804931641025e-01 -9.978656167865439519e-01 6.530092522476516059e-02 -0.000000000000000000e+00 -8.920572280883790062e-02 -0.000000000000000000e+00 0.000000000000000000e+00 1.000000000000000000e+00 0.000000000000000000e+00
6.488024501761646690e-02 9.978930572994554327e-01 0.000000000000000000e+00 -7.342876453495503775e-01 -9.978930572994554327e-01 6.488024501761646690e-02 -0.000000000000000000e+00 -9.078753294058181100e-02 -0.000000000000000000e+00 0.000000000000000000e+00 1.000000000000000000e+00 0.000000000000000000e+00
6.455264957692541383e-02 9.979143026495804758e-01 0.000000000000000000e+00 -7.345924377441406250e-01 -9.979143026495804758e-01 6.455264957692541383e-02 -0.000000000000000000e+00 -9.238433837890625000e-02 -0.000000000000000000e+00 0.000000000000000000e+00 1.000000000000000000e+00 0.000000000000000000e+00
6.403513465747256994e-02 9.979476446835269243e-01 0.000000000000000000e+00 -7.337303161621093750e-01 -9.979476446835269243e-01 6.403513465747256994e-02 -0.000000000000000000e+00 -9.557914733886718750e-02 -0.000000000000000000e+00 0.000000000000000000e+00 1.000000000000000000e+00 0.000000000000000000e+00
